{"mappings": [{"source": "mixamorig:Hips", "target": "Hips", "rest": [1.0, -5.698666427633725e-09, -5.2479852456599474e-05, 5.509842256924691e-13, -5.245238935458474e-05, -0.03245609253644943, -0.9994731545448303, -0.010030562989413738, -1.6975952803477412e-06, 0.9994731545448303, -0.032456159591674805, 1.0191903114318848, 0.0, 0.0, 0.0, 1.0], "offset": [1.0, 0.0, 0.0, 0.0, 0.0, 1.0, 0.0, 0.0, 0.0, 0.0, 1.0, 0.0, 0.0, 0.0, 0.0, 1.0]}, {"source": "mixamorig:Spine", "target": "Spine", "rest": [1.0, -4.9836671678349376e-08, 1.8781065591610968e-07, -5.603666974884902e-10, 1.9199796952307224e-07, 0.1048407256603241, -0.9944890141487122, -0.013226605951786041, 2.987474090332398e-08, 0.9944889545440674, 0.10484065115451813, 1.1176117658615112, 0.0, 0.0, 0.0, 1.0], "offset": [1.0, 0.0, 0.0, 0.0, 0.0, 1.0, 0.0, 0.0, 0.0, 0.0, 1.0, 0.0, 0.0, 0.0, 0.0, 1.0]}, {"source": "mixamorig:Spine1", "target": "Spine1", "rest": [1.0, -2.6402767616673373e-07, 2.8272174290577823e-07, -7.0635688409481645e-09, 3.231833716199617e-07, 0.1685834527015686, -0.9856873154640198, 0.0004547899588942528, 2.1258948379454523e-07, 0.985687255859375, 0.16858337819576263, 1.247389793395996, 0.0, 0.0, 0.0, 1.0], "offset": [1.0, 0.0, 0.0, 0.0, 0.0, 1.0, 0.0, 0.0, 0.0, 0.0, 1.0, 0.0, 0.0, 0.0, 0.0, 1.0]}, {"source": "mixamorig:Spine2", "target": "Spine2", "rest": [1.0, -4.896073164672998e-07, -1.6023625448724488e-07, -3.92234049684248e-08, -1.2312472108533257e-07, 0.0748848095536232, -0.9971920847892761, 0.02098931185901165, 5.002347052140976e-07, 0.9971920251846313, 0.07488474249839783, 1.3674521446228027, 0.0, 0.0, 0.0, 1.0], "offset": [1.0, 0.0, 0.0, 0.0, 0.0, 1.0, 0.0, 0.0, 0.0, 0.0, 1.0, 0.0, 0.0, 0.0, 0.0, 1.0]}, {"source": "mixamorig:Neck", "target": "Neck", "rest": [1.0, -7.067918659231509e-07, 2.2818463207840978e-07, -1.1539323452325334e-07, -1.615119060716097e-08, -0.32784968614578247, -0.9447298049926758, 0.03263949975371361, 7.425404646710376e-07, 0.944729745388031, -0.32784971594810486, 1.522590160369873, 0.0, 0.0, 0.0, 1.0], "offset": [1.0, 0.0, 0.0, 0.0, 0.0, 1.0, 0.0, 0.0, 0.0, 0.0, 1.0, 0.0, 0.0, 0.0, 0.0, 1.0]}, {"source": "mixamorig:Head", "target": "Head", "rest": [1.0, 1.2150616157668992e-07, -5.128122211317532e-07, -2.020754692466653e-07, -5.11923644808121e-07, -0.007222801446914673, -0.9999737739562988, -0.007567204535007477, -1.2520396808213263e-07, 0.999973714351654, -0.007222890853881836, 1.6384495496749878, 0.0, 0.0, 0.0, 1.0], "offset": [1.0, 0.0, 0.0, 0.0, 0.0, 1.0, 0.0, 0.0, 0.0, 0.0, 1.0, 0.0, 0.0, 0.0, 0.0, 1.0]}, {"source": "mixamorig:HeadTop_End", "target": "HeadTop_End", "rest": [1.0, -4.76509029567751e-07, 1.0069379641208798e-07, -1.799976985239482e-07, 1.006915795187524e-07, 7.851049304008484e-07, -0.9999998211860657, -0.0465235598385334, 4.76511871738694e-07, 0.9999997615814209, 6.952323019504547e-07, 1.8645192384719849, 0.0, 0.0, 0.0, 1.0], "offset": [1.0, 0.0, 0.0, 0.0, 0.0, 1.0, 0.0, 0.0, 0.0, 0.0, 1.0, 0.0, 0.0, 0.0, 0.0, 1.0]}, {"source": "mixamorig:LeftEye", "target": "LeftEye", "rest": [1.0, 3.220460786934609e-09, -3.7282671883076546e-07, 0.03279885649681091, -3.728291915194859e-07, -8.009374141693115e-07, -0.9999998211860657, -0.08472850173711777, -3.2178215647604702e-09, 0.9999997019767761, -8.912757039070129e-07, 1.7272871732711792, 0.0, 0.0, 0.0, 1.0], "offset": [1.0, 0.0, 0.0, 0.0, 0.0, 1.0, 0.0, 0.0, 0.0, 0.0, 1.0, 0.0, 0.0, 0.0, 0.0, 1.0]}, {"source": "mixamorig:RightEye", "target": "RightEye", "rest": [1.0, 3.220460786934609e-09, -3.7282671883076546e-07, -0.03304741159081459, -3.728291915194859e-07, -8.009374141693115e-07, -0.9999998211860657, -0.08472850173711777, -3.2178215647604702e-09, 0.9999997019767761, -8.912757039070129e-07, 1.7272871732711792, 0.0, 0.0, 0.0, 1.0], "offset": [1.0, 0.0, 0.0, 0.0, 0.0, 1.0, 0.0, 0.0, 0.0, 0.0, 1.0, 0.0, 0.0, 0.0, 0.0, 1.0]}, {"source": "mixamorig:LeftShoulder", "target": "LeftShoulder", "rest": [-0.00901988334953785, 0.9991722106933594, -0.03966367244720459, 0.047135449945926666, 0.9963060617446899, 0.00559250358492136, -0.08568910509347916, 0.03779667988419533, -0.08539628982543945, -0.040290068835020065, -0.9955319762229919, 1.507735252380371, 0.0, 0.0, 0.0, 1.0], "offset": [1.0, 0.0, 0.0, 0.0, 0.0, 1.0, 0.0, 0.0, 0.0, 0.0, 1.0, 0.0, 0.0, 0.0, 0.0, 1.0]}, {"source": "mixamorig:LeftArm", "target": "LeftArm", "rest": [-0.07628470659255981, 0.9957330226898193, -0.051925092935562134, 0.1659325361251831, 0.996680498123169, 0.07466530054807663, -0.03244733810424805, 0.0384615957736969, -0.028431810438632965, -0.054228007793426514, -0.9981236457824707, 1.5029449462890625, 0.0, 0.0, 0.0, 1.0], "offset": [0.9970280528068542, 0.006304468493908644, -0.07678066939115524, 0.0, 0.06043412536382675, 0.5540929436683655, 0.8302582502365112, 0.0, 0.047777965664863586, -0.8324309587478638, 0.5520652532577515, 0.0, 0.0, 0.0, 0.0, 1.0]}, {"source": "mixamorig:LeftForeArm", "target": "LeftForeArm", "rest": [0.04578742757439613, 0.9976661205291748, 0.05065292492508888, 0.44984474778175354, 0.9987829327583313, -0.046651024371385574, 0.016001028940081596, 0.05975082516670227, 0.018326764926314354, 0.049858588725328445, -0.9985880255699158, 1.487483024597168, 0.0, 0.0, 0.0, 1.0], "offset": [0.948455810546875, 0.31656086444854736, 0.014859632588922977, 0.0, -0.31646662950515747, 0.9485666751861572, -0.008376019075512886, 0.0, -0.016746871173381805, 0.003241707105189562, 0.9998545050621033, 0.0, 0.0, 0.0, 0.0, 1.0]}, {"source": "mixamorig:LeftHand", "target": "LeftHand", "rest": [0.008313775062561035, 0.9991753697395325, -0.03974127024412155, 0.7012288570404053, 0.9953967332839966, -0.004474586341530085, 0.09573320299386978, 0.04799610748887062, 0.09547649323940277, -0.04035429283976555, -0.9946132302284241, 1.5000462532043457, 0.0, 0.0, 0.0, 1.0], "offset": [1.0, 0.0, 0.0, 0.0, 0.0, 1.0, 0.0, 0.0, 0.0, 0.0, 1.0, 0.0, 0.0, 0.0, 0.0, 1.0]}, {"source": "mixamorig:LeftHandThumb1", "target": "LeftHandThumb1", "rest": [0.7372163534164429, 0.5809751749038696, -0.3449344038963318, 0.7270839810371399, 0.6642646789550781, -0.7165720462799072, 0.21278288960456848, 0.01616629958152771, -0.12354881316423416, -0.38599491119384766, -0.9141899347305298, 1.4907485246658325, 0.0, 0.0, 0.0, 1.0], "offset": [1.0, 0.0, 0.0, 0.0, 0.0, 1.0, 0.0, 0.0, 0.0, 0.0, 1.0, 0.0, 0.0, 0.0, 0.0, 1.0]}, {"source": "mixamorig:LeftHandThumb2", "target": "LeftHandThumb2", "rest": [0.312054842710495, 0.8086974024772644, -0.4986281096935272, 0.7511263489723206, 0.9497119784355164, -0.27980655431747437, 0.14055214822292328, -0.013487253338098526, -0.025855235755443573, -0.5174131989479065, -0.8553447723388672, 1.4747750759124756, 0.0, 0.0, 0.0, 1.0], "offset": [1.0, 0.0, 0.0, 0.0, 0.0, 1.0, 0.0, 0.0, 0.0, 0.0, 1.0, 0.0, 0.0, 0.0, 0.0, 1.0]}, {"source": "mixamorig:LeftHandThumb3", "target": "LeftHandThumb3", "rest": [0.146376833319664, 0.8376893401145935, -0.5261654853820801, 0.7757809162139893, 0.9889981746673584, -0.11244158446788788, 0.09612024575471878, -0.022017642855644226, 0.021356064826250076, -0.534446656703949, -0.8449321389198303, 1.459000825881958, 0.0, 0.0, 0.0, 1.0], "offset": [1.0, 0.0, 0.0, 0.0, 0.0, 1.0, 0.0, 0.0, 0.0, 0.0, 1.0, 0.0, 0.0, 0.0, 0.0, 1.0]}, {"source": "mixamorig:LeftHandThumb4", "target": "LeftHandThumb4", "rest": [0.19024664163589478, 0.8262990117073059, -0.5301281213760376, 0.8053386807441711, 0.9748051166534424, -0.09494200348854065, 0.20184320211410522, -0.025985123589634895, 0.1164514571428299, -0.5551716685295105, -0.8235429525375366, 1.4401427507400513, 0.0, 0.0, 0.0, 1.0], "offset": [1.0, 0.0, 0.0, 0.0, 0.0, 1.0, 0.0, 0.0, 0.0, 0.0, 1.0, 0.0, 0.0, 0.0, 0.0, 1.0]}, {"source": "mixamorig:LeftHandIndex1", "target": "LeftHandIndex1", "rest": [0.1351412981748581, 0.9645220637321472, -0.22679050266742706, 0.7985844016075134, 0.9904916882514954, -0.13745495676994324, 0.005634993314743042, 0.011710699647665024, -0.02573838084936142, -0.22539572417736053, -0.9739271998405457, 1.4996534585952759, 0.0, 0.0, 0.0, 1.0], "offset": [1.0, 0.0, 0.0, 0.0, 0.0, 1.0, 0.0, 0.0, 0.0, 0.0, 1.0, 0.0, 0.0, 0.0, 0.0, 1.0]}, {"source": "mixamorig:LeftHandIndex2", "target": "LeftHandIndex2", "rest": [0.17941418290138245, 0.8960385322570801, -0.40610992908477783, 0.8416777849197388, 0.9823475480079651, -0.18539436161518097, 0.024935448542237282, 0.00556941470131278, -0.052947357296943665, -0.4034150242805481, -0.9134838581085205, 1.4895830154418945, 0.0, 0.0, 0.0, 1.0], "offset": [1.0, 0.0, 0.0, 0.0, 0.0, 1.0, 0.0, 0.0, 0.0, 0.0, 1.0, 0.0, 0.0, 0.0, 0.0, 1.0]}, {"source": "mixamorig:LeftHandIndex3", "target": "LeftHandIndex3", "rest": [0.06808927655220032, 0.8183159232139587, -0.5707212090492249, 0.8670763969421387, 0.984027087688446, -0.149394229054451, -0.09680742025375366, 0.00031442753970623016, -0.1644815355539322, -0.5550137758255005, -0.8154174089431763, 1.4781478643417358, 0.0, 0.0, 0.0, 1.0], "offset": [1.0, 0.0, 0.0, 0.0, 0.0, 1.0, 0.0, 0.0, 0.0, 0.0, 1.0, 0.0, 0.0, 0.0, 0.0, 1.0]}, {"source": "mixamorig:LeftHandMiddle1", "target": "LeftHandMiddle1", "rest": [0.027921196073293686, 0.9924343824386597, -0.11955831944942474, 0.8014054894447327, 0.9987564086914062, -0.032638490200042725, -0.037681519985198975, 0.03805764764547348, -0.04129859060049057, -0.1183575987815857, -0.9921116828918457, 1.498590111732483, 0.0, 0.0, 0.0, 1.0], "offset": [1.0, 0.0, 0.0, 0.0, 0.0, 1.0, 0.0, 0.0, 0.0, 0.0, 1.0, 0.0, 0.0, 0.0, 0.0, 1.0]}, {"source": "mixamorig:LeftHandMiddle2", "target": "LeftHandMiddle2", "rest": [0.1064751148223877, 0.9238638877868652, -0.367611825466156, 0.8467575311660767, 0.9910147190093994, -0.12870095670223236, -0.0364074632525444, 0.03656617924571037, -0.08094749599695206, -0.36043235659599304, -0.9292662739753723, 1.4931814670562744, 0.0, 0.0, 0.0, 1.0], "offset": [1.0, 0.0, 0.0, 0.0, 0.0, 1.0, 0.0, 0.0, 0.0, 0.0, 1.0, 0.0, 0.0, 0.0, 0.0, 1.0]}, {"source": "mixamorig:LeftHandMiddle3", "target": "LeftHandMiddle3", "rest": [0.008960090577602386, 0.7073246240615845, -0.7068318724632263, 0.8794690370559692, 0.997417151927948, -0.05669679865241051, -0.044092755764722824, 0.03200921043753624, -0.07126297056674957, -0.7046113014221191, -0.7060058116912842, 1.4804195165634155, 0.0, 0.0, 0.0, 1.0], "offset": [1.0, 0.0, 0.0, 0.0, 0.0, 1.0, 0.0, 0.0, 0.0, 0.0, 1.0, 0.0, 0.0, 0.0, 0.0, 1.0]}, {"source": "mixamorig:LeftHandMiddle4", "target": "LeftHandMiddle4", "rest": [0.03916580229997635, 0.6729633212089539, -0.7386379837989807, 0.9039158225059509, 0.9985144138336182, -0.05437735468149185, 0.0034029968082904816, 0.03004961460828781, -0.03787505626678467, -0.7376742362976074, -0.6740934252738953, 1.4560664892196655, 0.0, 0.0, 0.0, 1.0], "offset": [1.0, 0.0, 0.0, 0.0, 0.0, 1.0, 0.0, 0.0, 0.0, 0.0, 1.0, 0.0, 0.0, 0.0, 0.0, 1.0]}, {"source": "mixamorig:LeftHandRing1", "target": "LeftHandRing1", "rest": [-0.11811806261539459, 0.9798275828361511, -0.16120196878910065, 0.7967934012413025, 0.9929971098899841, 0.11620688438415527, -0.02126670628786087, 0.0631326362490654, -0.0021048709750175476, -0.16258513927459717, -0.9866921305656433, 1.495442509651184, 0.0, 0.0, 0.0, 1.0], "offset": [1.0, 0.0, 0.0, 0.0, 0.0, 1.0, 0.0, 0.0, 0.0, 0.0, 1.0, 0.0, 0.0, 0.0, 0.0, 1.0]}, {"source": "mixamorig:LeftHandRing2", "target": "LeftHandRing2", "rest": [-0.04316442459821701, 0.8604085445404053, -0.5077735185623169, 0.8378478288650513, 0.9970181584358215, 0.004558823071420193, -0.07702909409999847, 0.0680016577243805, -0.06396159529685974, -0.5095844268798828, -0.8580397367477417, 1.4886302947998047, 0.0, 0.0, 0.0, 1.0], "offset": [1.0, 0.0, 0.0, 0.0, 0.0, 1.0, 0.0, 0.0, 0.0, 0.0, 1.0, 0.0, 0.0, 0.0, 0.0, 1.0]}, {"source": "mixamorig:LeftHandRing3", "target": "LeftHandRing3", "rest": [-0.04623936861753464, 0.8183387517929077, -0.572873055934906, 0.8689627647399902, 0.9960569143295288, -0.005694184917956591, -0.08853074908256531, 0.06816650927066803, -0.07571014761924744, -0.5747078657150269, -0.8148487210273743, 1.4702022075653076, 0.0, 0.0, 0.0, 1.0], "offset": [1.0, 0.0, 0.0, 0.0, 0.0, 1.0, 0.0, 0.0, 0.0, 0.0, 1.0, 0.0, 0.0, 0.0, 0.0, 1.0]}, {"source": "mixamorig:LeftHandRing4", "target": "LeftHandRing4", "rest": [-0.01814774051308632, 0.8120718002319336, -0.5832750797271729, 0.8933598399162292, 0.9934892058372498, -0.050975702702999115, -0.10188258439302444, 0.06799677014350891, -0.11246880888938904, -0.5813266634941101, -0.8058595657348633, 1.453068494796753, 0.0, 0.0, 0.0, 1.0], "offset": [1.0, 0.0, 0.0, 0.0, 0.0, 1.0, 0.0, 0.0, 0.0, 0.0, 1.0, 0.0, 0.0, 0.0, 0.0, 1.0]}, {"source": "mixamorig:RightHandPinky1", "target": "RightHandPinky1", "rest": [-0.3146841526031494, -0.9252303242683411, 0.21194905042648315, -0.7908740639686584, -0.9491824507713318, 0.305524080991745, -0.07554899901151657, 0.08755584806203842, 0.005144663155078888, -0.22495226562023163, -0.974355936050415, 1.4896798133850098, 0.0, 0.0, 0.0, 1.0], "offset": [1.0, 0.0, 0.0, 0.0, 0.0, 1.0, 0.0, 0.0, 0.0, 0.0, 1.0, 0.0, 0.0, 0.0, 0.0, 1.0]}, {"source": "mixamorig:RightHandPinky2", "target": "RightHandPinky2", "rest": [-0.3149125576019287, -0.8991955518722534, 0.3037717044353485, -0.8169212341308594, -0.8456904292106628, 0.12054485082626343, -0.5198812484741211, 0.09615698456764221, 0.43085673451423645, -0.4206138849258423, -0.7984021306037903, 1.4833472967147827, 0.0, 0.0, 0.0, 1.0], "offset": [1.0, 0.0, 0.0, 0.0, 0.0, 1.0, 0.0, 0.0, 0.0, 0.0, 1.0, 0.0, 0.0, 0.0, 0.0, 1.0]}, {"source": "mixamorig:RightHandPinky3", "target": "RightHandPinky3", "rest": [-0.3037646412849426, -0.8064857721328735, 0.5072550177574158, -0.8370416164398193, -0.833892822265625, -0.03245658427476883, -0.550971269607544, 0.09885424375534058, 0.4608142077922821, -0.5903617739677429, -0.6626634001731873, 1.4739357233047485, 0.0, 0.0, 0.0, 1.0], "offset": [1.0, 0.0, 0.0, 0.0, 0.0, 1.0, 0.0, 0.0, 0.0, 0.0, 1.0, 0.0, 0.0, 0.0, 0.0, 1.0]}, {"source": "mixamorig:RightHandPinky4", "target": "RightHandPinky4", "rest": [-0.1873571276664734, -0.6236771941184998, 0.7588966488838196, -0.8582717180252075, -0.9305992722511292, -0.13462430238723755, -0.34038421511650085, 0.09799984842538834, 0.3144558072090149, -0.7700018882751465, -0.5551704168319702, 1.4583948850631714, 0.0, 0.0, 0.0, 1.0], "offset": [1.0, 0.0, 0.0, 0.0, 0.0, 1.0, 0.0, 0.0, 0.0, 0.0, 1.0, 0.0, 0.0, 0.0, 0.0, 1.0]}, {"source": "mixamorig:RightShoulder", "target": "RightShoulder", "rest": [-0.00902056135237217, -0.9991728067398071, 0.03965147212147713, -0.04713556542992592, -0.9963060021400452, 0.005594087764620781, -0.08569130301475525, 0.037796732038259506, 0.08539854735136032, -0.04027797654271126, -0.995532214641571, 1.507735252380371, 0.0, 0.0, 0.0, 1.0], "offset": [1.0, 0.0, 0.0, 0.0, 0.0, 1.0, 0.0, 0.0, 0.0, 0.0, 1.0, 0.0, 0.0, 0.0, 0.0, 1.0]}, {"source": "mixamorig:RightArm", "target": "RightArm", "rest": [-0.07628481835126877, -0.9957337379455566, 0.05190959572792053, -0.16593292355537415, -0.9966806173324585, 0.07466587424278259, -0.03244631364941597, 0.0384618304669857, 0.028431961312890053, -0.054212361574172974, -0.998124361038208, 1.5029462575912476, 0.0, 0.0, 0.0, 1.0], "offset": [0.9970279932022095, -0.0063044666312634945, 0.07678066939115524, 0.0, -0.06043412536382675, 0.5540929436683655, 0.8302582502365112, 0.0, -0.04777796193957329, -0.8324309587478638, 0.5520652532577515, 0.0, 0.0, 0.0, 0.0, 1.0]}, {"source": "mixamorig:RightForeArm", "target": "RightForeArm", "rest": [0.04578626528382301, -0.9976654052734375, -0.050665393471717834, -0.44984468817710876, -0.9987832307815552, -0.046650078147649765, 0.01599835231900215, 0.05975119769573212, -0.018324607983231544, 0.04987131804227829, -0.9985873103141785, 1.4874887466430664, 0.0, 0.0, 0.0, 1.0], "offset": [0.948455810546875, -0.31656092405319214, -0.014859634451568127, 0.0, 0.31646671891212463, 0.9485666751861572, -0.00837602186948061, 0.0, 0.016746874898672104, 0.003241707570850849, 0.9998545050621033, 0.0, 0.0, 0.0, 0.0, 1.0]}, {"source": "mixamorig:RightHand", "target": "RightHand", "rest": [0.008311723358929157, -0.9991755485534668, 0.03973380848765373, -0.7012283802032471, -0.9953978061676025, -0.004473716951906681, 0.09572441875934601, 0.04799670726060867, -0.09546779096126556, -0.04034649208188057, -0.9946142435073853, 1.500054955482483, 0.0, 0.0, 0.0, 1.0], "offset": [1.0, 0.0, 0.0, 0.0, 0.0, 1.0, 0.0, 0.0, 0.0, 0.0, 1.0, 0.0, 0.0, 0.0, 0.0, 1.0]}, {"source": "mixamorig:RightHandThumb1", "target": "RightHandThumb1", "rest": [0.7372173070907593, -0.5809788107872009, 0.3449259400367737, -0.7270838022232056, -0.6642646789550781, -0.7165725827217102, 0.21278169751167297, 0.01616719365119934, 0.12354268878698349, -0.38598838448524475, -0.9141932725906372, 1.490756869316101, 0.0, 0.0, 0.0, 1.0], "offset": [1.0, 0.0, 0.0, 0.0, 0.0, 1.0, 0.0, 0.0, 0.0, 0.0, 1.0, 0.0, 0.0, 0.0, 0.0, 1.0]}, {"source": "mixamorig:RightHandThumb2", "target": "RightHandThumb2", "rest": [0.3120668828487396, -0.8087119460105896, 0.4985969066619873, -0.7511261105537415, -0.949708878993988, -0.27980753779411316, 0.14057248830795288, -0.013486364856362343, 0.025828436017036438, -0.5173897743225098, -0.8553595542907715, 1.4747836589813232, 0.0, 0.0, 0.0, 1.0], "offset": [1.0, 0.0, 0.0, 0.0, 0.0, 1.0, 0.0, 0.0, 0.0, 0.0, 1.0, 0.0, 0.0, 0.0, 0.0, 1.0]}, {"source": "mixamorig:RightHandThumb3", "target": "RightHandThumb3", "rest": [0.14637303352355957, -0.8376957774162292, 0.5261562466621399, -0.7757811546325684, -0.9889988899230957, -0.11244095116853714, 0.09611499309539795, -0.022016679868102074, -0.021353665739297867, -0.5344364643096924, -0.8449383974075317, 1.459010124206543, 0.0, 0.0, 0.0, 1.0], "offset": [1.0, 0.0, 0.0, 0.0, 0.0, 1.0, 0.0, 0.0, 0.0, 0.0, 1.0, 0.0, 0.0, 0.0, 0.0, 1.0]}, {"source": "mixamorig:RightHandThumb4", "target": "RightHandThumb4", "rest": [0.190238356590271, -0.8262984752655029, 0.5301318764686584, -0.805338978767395, -0.9748091101646423, -0.09494563192129135, 0.20182272791862488, -0.02598409354686737, -0.11643215268850327, -0.5551717281341553, -0.8235454559326172, 1.4401527643203735, 0.0, 0.0, 0.0, 1.0], "offset": [1.0, 0.0, 0.0, 0.0, 0.0, 1.0, 0.0, 0.0, 0.0, 0.0, 1.0, 0.0, 0.0, 0.0, 0.0, 1.0]}, {"source": "mixamorig:RightHandIndex1", "target": "RightHandIndex1", "rest": [0.13514256477355957, -0.9645249843597412, 0.2267768234014511, -0.7985841631889343, -0.9904918074607849, -0.1374562382698059, 0.005634121596813202, 0.011711619794368744, 0.025737561285495758, -0.22538191080093384, -0.9739302396774292, 1.4996627569198608, 0.0, 0.0, 0.0, 1.0], "offset": [1.0, 0.0, 0.0, 0.0, 0.0, 1.0, 0.0, 0.0, 0.0, 0.0, 1.0, 0.0, 0.0, 0.0, 0.0, 1.0]}, {"source": "mixamorig:RightHandIndex2", "target": "RightHandIndex2", "rest": [0.17941834032535553, -0.8960421085357666, 0.40610021352767944, -0.8416776061058044, -0.9823468923568726, -0.18539957702159882, 0.02493298053741455, 0.005570306908339262, 0.05294971913099289, -0.4034045934677124, -0.9134882092475891, 1.4895930290222168, 0.0, 0.0, 0.0, 1.0], "offset": [1.0, 0.0, 0.0, 0.0, 0.0, 1.0, 0.0, 0.0, 0.0, 0.0, 1.0, 0.0, 0.0, 0.0, 0.0, 1.0]}, {"source": "mixamorig:RightHandIndex3", "target": "RightHandIndex3", "rest": [0.06810204684734344, -0.8183296322822571, 0.5707002282142639, -0.8670765161514282, -0.9840282797813416, -0.14939624071121216, -0.09679502248764038, 0.00031508784741163254, 0.1644705832004547, -0.5549930930137634, -0.8154335021972656, 1.4781582355499268, 0.0, 0.0, 0.0, 1.0], "offset": [1.0, 0.0, 0.0, 0.0, 0.0, 1.0, 0.0, 0.0, 0.0, 0.0, 1.0, 0.0, 0.0, 0.0, 0.0, 1.0]}, {"source": "mixamorig:RightHandIndex4", "target": "RightHandIndex4", "rest": [0.12511804699897766, -0.7657478451728821, 0.6308531165122986, -0.894767701625824, -0.9899768233299255, -0.13834072649478912, 0.028421737253665924, -0.004740343429148197, 0.06550869345664978, -0.6280859112739563, -0.7753813862800598, 1.4593780040740967, 0.0, 0.0, 0.0, 1.0], "offset": [1.0, 0.0, 0.0, 0.0, 0.0, 1.0, 0.0, 0.0, 0.0, 0.0, 1.0, 0.0, 0.0, 0.0, 0.0, 1.0]}, {"source": "mixamorig:RightHandMiddle1", "target": "RightHandMiddle1", "rest": [0.027923407033085823, -0.9924356341362, 0.11954621225595474, -0.801405668258667, -0.9987562894821167, -0.03264085575938225, -0.037685975432395935, 0.038058556616306305, 0.04130293428897858, -0.11834514141082764, -0.9921128749847412, 1.4985989332199097, 0.0, 0.0, 0.0, 1.0], "offset": [1.0, 0.0, 0.0, 0.0, 0.0, 1.0, 0.0, 0.0, 0.0, 0.0, 1.0, 0.0, 0.0, 0.0, 0.0, 1.0]}, {"source": "mixamorig:RightHandMiddle2", "target": "RightHandMiddle2", "rest": [0.10647695511579514, -0.9238685369491577, 0.3675990700721741, -0.8467577695846558, -0.9910148978233337, -0.1287011057138443, -0.036405447870492935, 0.036566950380802155, 0.08094418793916702, -0.36041972041130066, -0.9292713403701782, 1.4931907653808594, 0.0, 0.0, 0.0, 1.0], "offset": [1.0, 0.0, 0.0, 0.0, 0.0, 1.0, 0.0, 0.0, 0.0, 0.0, 1.0, 0.0, 0.0, 0.0, 0.0, 1.0]}, {"source": "mixamorig:RightHandMiddle3", "target": "RightHandMiddle3", "rest": [0.008952942676842213, -0.7073279619216919, 0.7068284153938293, -0.8794695138931274, -0.9974170327186584, -0.056694794446229935, -0.04410118609666824, 0.0320100337266922, 0.07126744836568832, -0.7046077847480774, -0.706008791923523, 1.4804291725158691, 0.0, 0.0, 0.0, 1.0], "offset": [1.0, 0.0, 0.0, 0.0, 0.0, 1.0, 0.0, 0.0, 0.0, 0.0, 1.0, 0.0, 0.0, 0.0, 0.0, 1.0]}, {"source": "mixamorig:RightHandMiddle4", "target": "RightHandMiddle4", "rest": [0.03917909413576126, -0.6729811429977417, 0.7386208176612854, -0.9039165377616882, -0.9985141754150391, -0.0543842576444149, 0.0034135542809963226, 0.030050531029701233, 0.037872035056352615, -0.7376570105552673, -0.6741122603416443, 1.4560761451721191, 0.0, 0.0, 0.0, 1.0], "offset": [1.0, 0.0, 0.0, 0.0, 0.0, 1.0, 0.0, 0.0, 0.0, 0.0, 1.0, 0.0, 0.0, 0.0, 0.0, 1.0]}, {"source": "mixamorig:RightHandRing1", "target": "RightHandRing1", "rest": [-0.1181163564324379, -0.9798300862312317, 0.16118645668029785, -0.7967931032180786, -0.9929975271224976, 0.11620528995990753, -0.021265722811222076, 0.06313350051641464, 0.0021060332655906677, -0.16256947815418243, -0.9866945743560791, 1.4954516887664795, 0.0, 0.0, 0.0, 1.0], "offset": [1.0, 0.0, 0.0, 0.0, 0.0, 1.0, 0.0, 0.0, 0.0, 0.0, 1.0, 0.0, 0.0, 0.0, 0.0, 1.0]}, {"source": "mixamorig:RightHandRing2", "target": "RightHandRing2", "rest": [-0.04316118359565735, -0.8604179620742798, 0.5077571868896484, -0.8378482460975647, -0.9970189929008484, 0.004561105743050575, -0.07702106982469559, 0.06800250709056854, 0.06395433098077774, -0.5095677971839905, -0.8580500483512878, 1.4886399507522583, 0.0, 0.0, 0.0, 1.0], "offset": [1.0, 0.0, 0.0, 0.0, 0.0, 1.0, 0.0, 0.0, 0.0, 0.0, 1.0, 0.0, 0.0, 0.0, 0.0, 1.0]}, {"source": "mixamorig:RightHandRing3", "target": "RightHandRing3", "rest": [-0.04624096676707268, -0.8183449506759644, 0.5728634595870972, -0.8689630627632141, -0.9960566163063049, -0.005695435218513012, -0.08853662014007568, 0.06816748529672623, 0.07571615278720856, -0.5746983289718628, -0.8148547410964966, 1.470212697982788, 0.0, 0.0, 0.0, 1.0], "offset": [1.0, 0.0, 0.0, 0.0, 0.0, 1.0, 0.0, 0.0, 0.0, 0.0, 1.0, 0.0, 0.0, 0.0, 0.0, 1.0]}, {"source": "mixamorig:RightHandRing4", "target": "RightHandRing4", "rest": [-0.018160784617066383, -0.812069833278656, 0.5832769870758057, -0.8933603167533875, -0.9934873580932617, -0.05097534880042076, -0.10190355777740479, 0.06799764186143875, 0.11248549073934555, -0.581328809261322, -0.8058555722236633, 1.453079104423523, 0.0, 0.0, 0.0, 1.0], "offset": [1.0, 0.0, 0.0, 0.0, 0.0, 1.0, 0.0, 0.0, 0.0, 0.0, 1.0, 0.0, 0.0, 0.0, 0.0, 1.0]}, {"source": "mixamorig:LeftHandPinky1", "target": "LeftHandPinky1", "rest": [-0.3146837055683136, 0.92522794008255, -0.2119610458612442, 0.7908743619918823, 0.9491824507713318, 0.30552375316619873, -0.07554781436920166, 0.08755507320165634, -0.0051397234201431274, -0.22496344149112701, -0.9743534922599792, 1.4896703958511353, 0.0, 0.0, 0.0, 1.0], "offset": [1.0, 0.0, 0.0, 0.0, 0.0, 1.0, 0.0, 0.0, 0.0, 0.0, 1.0, 0.0, 0.0, 0.0, 0.0, 1.0]}, {"source": "mixamorig:LeftHandPinky2", "target": "LeftHandPinky2", "rest": [-0.3149169683456421, 0.8991894721984863, -0.30378544330596924, 0.8169212937355042, 0.8456897735595703, 0.1205410286784172, -0.5198829770088196, 0.09615619480609894, -0.4308546185493469, -0.42062827944755554, -0.7983958721160889, 1.4833372831344604, 0.0, 0.0, 0.0, 1.0], "offset": [1.0, 0.0, 0.0, 0.0, 0.0, 1.0, 0.0, 0.0, 0.0, 0.0, 1.0, 0.0, 0.0, 0.0, 0.0, 1.0]}, {"source": "mixamorig:LeftHandPinky3", "target": "LeftHandPinky3", "rest": [-0.3037724494934082, 0.8064772486686707, -0.5072638988494873, 0.8370416760444641, 0.8338907957077026, -0.03245750069618225, -0.5509741306304932, 0.09885343164205551, -0.46081259846687317, -0.5903735160827637, -0.6626542806625366, 1.473925232887268, 0.0, 0.0, 0.0, 1.0], "offset": [1.0, 0.0, 0.0, 0.0, 0.0, 1.0, 0.0, 0.0, 0.0, 0.0, 1.0, 0.0, 0.0, 0.0, 0.0, 1.0]}, {"source": "mixamorig:LeftHandPinky4", "target": "LeftHandPinky4", "rest": [-0.18736781179904938, 0.6236616373062134, -0.7589067220687866, 0.8582717776298523, 0.9305952787399292, -0.13462890684604645, -0.34039297699928284, 0.09799903631210327, -0.314460813999176, -0.770013689994812, -0.5551515221595764, 1.4583839178085327, 0.0, 0.0, 0.0, 1.0], "offset": [1.0, 0.0, 0.0, 0.0, 0.0, 1.0, 0.0, 0.0, 0.0, 0.0, 1.0, 0.0, 0.0, 0.0, 0.0, 1.0]}, {"source": "mixamorig:LeftUpLeg", "target": "LeftUpLeg", "rest": [-0.997795820236206, 0.06580813974142075, -0.003521549515426159, 0.09534390270709991, 0.004408896900713444, 0.013075830414891243, -0.9999022483825684, -0.006903541274368763, -0.06575576961040497, -0.9977465271949768, -0.013337057083845139, 1.0244874954223633, 0.0, 0.0, 0.0, 1.0], "offset": [1.0, 0.0, 0.0, 0.0, 0.0, 1.0, 0.0, 0.0, 0.0, 0.0, 1.0, 0.0, 0.0, 0.0, 0.0, 1.0]}, {"source": "mixamorig:LeftLeg", "target": "LeftLeg", "rest": [-0.9981629252433777, 0.060041267424821854, 0.0023405577521771193, 0.12549543380737305, 0.003475166391581297, 0.09628324210643768, -0.9953453540802002, -0.0009125377982854843, -0.05998706817626953, -0.9935412406921387, -0.09631764888763428, 0.5673461556434631, 0.0, 0.0, 0.0, 1.0], "offset": [1.0, 0.0, 0.0, 0.0, 0.0, 1.0, 0.0, 0.0, 0.0, 0.0, 1.0, 0.0, 0.0, 0.0, 0.0, 1.0]}, {"source": "mixamorig:LeftFoot", "target": "LeftFoot", "rest": [-0.996489942073822, 0.01696034148335457, -0.08160755038261414, 0.1521448940038681, 0.032374825328588486, -0.8235805034637451, -0.5662702322006226, 0.04182400926947594, -0.07681500166654587, -0.5669426321983337, 0.8201677799224854, 0.1263546645641327, 0.0, 0.0, 0.0, 1.0], "offset": [1.0, 0.0, 0.0, 0.0, 0.0, 1.0, 0.0, 0.0, 0.0, 0.0, 1.0, 0.0, 0.0, 0.0, 0.0, 1.0]}, {"source": "mixamorig:LeftToeBase", "target": "LeftToeBase", "rest": [-0.9994649887084961, 0.03147197514772415, -0.004349671304225922, 0.15466894209384918, -0.031146960332989693, -0.9977941513061523, -0.05857980251312256, -0.08076132833957672, -0.006181821227073669, -0.058414340019226074, 0.9982731342315674, 0.04196833074092865, 0.0, 0.0, 0.0, 1.0], "offset": [1.0, 0.0, 0.0, 0.0, 0.0, 1.0, 0.0, 0.0, 0.0, 0.0, 1.0, 0.0, 0.0, 0.0, 0.0, 1.0]}, {"source": "mixamorig:LeftToe_End", "target": "LeftToe_End", "rest": [-0.018291780725121498, 0.04692605137825012, -0.9987006187438965, 0.1577875316143036, 0.022932711988687515, -0.9986138343811035, -0.04732450097799301, -0.1796177476644516, -0.9995695352554321, -0.023768827319145203, 0.017192929983139038, 0.03618096560239792, 0.0, 0.0, 0.0, 1.0], "offset": [1.0, 0.0, 0.0, 0.0, 0.0, 1.0, 0.0, 0.0, 0.0, 0.0, 1.0, 0.0, 0.0, 0.0, 0.0, 1.0]}, {"source": "mixamorig:RightUpLeg", "target": "RightUpLeg", "rest": [-0.9977520704269409, -0.06581000983715057, 0.003539216937497258, -0.09534385800361633, -0.004452092573046684, 0.013075891882181168, -0.9998984336853027, -0.006903509609401226, 0.06575730443000793, -0.9977464079856873, -0.013339152559638023, 1.0244874954223633, 0.0, 0.0, 0.0, 1.0], "offset": [1.0, 0.0, 0.0, 0.0, 0.0, 1.0, 0.0, 0.0, 0.0, 0.0, 1.0, 0.0, 0.0, 0.0, 0.0, 1.0]}, {"source": "mixamorig:RightLeg", "target": "RightLeg", "rest": [-0.9981192350387573, -0.0600435771048069, -0.002324757631868124, -0.1254962831735611, -0.0035166407469660044, 0.09628427773714066, -0.9953414797782898, -0.0009124823845922947, 0.05998748540878296, -0.9935409426689148, -0.09632065892219543, 0.5673465728759766, 0.0, 0.0, 0.0, 1.0], "offset": [1.0, 0.0, 0.0, 0.0, 0.0, 1.0, 0.0, 0.0, 0.0, 0.0, 1.0, 0.0, 0.0, 0.0, 0.0, 1.0]}, {"source": "mixamorig:RightFoot", "target": "RightFoot", "rest": [-0.9964465498924255, -0.016943182796239853, 0.08160879462957382, -0.15214715898036957, -0.03241598978638649, -0.8235786557197571, -0.5662640333175659, 0.04182417318224907, 0.07680675387382507, -0.566941499710083, 0.8201693892478943, 0.1263543963432312, 0.0, 0.0, 0.0, 1.0], "offset": [1.0, 0.0, 0.0, 0.0, 0.0, 1.0, 0.0, 0.0, 0.0, 0.0, 1.0, 0.0, 0.0, 0.0, 0.0, 1.0]}, {"source": "mixamorig:RightToeBase", "target": "RightToeBase", "rest": [-0.9994213581085205, -0.03147074207663536, 0.00438544899225235, -0.15466898679733276, 0.031119612976908684, -0.9977911710739136, -0.058580249547958374, -0.08076125383377075, 0.0062147825956344604, -0.05841344594955444, 0.9982729554176331, 0.0419682040810585, 0.0, 0.0, 0.0, 1.0], "offset": [1.0, 0.0, 0.0, 0.0, 0.0, 1.0, 0.0, 0.0, 0.0, 0.0, 1.0, 0.0, 0.0, 0.0, 0.0, 1.0]}, {"source": "mixamorig:RightToe_End", "target": "RightToe_End", "rest": [-0.018333494663238525, -0.04692506790161133, 0.9986565113067627, -0.15778741240501404, -0.02293115109205246, -0.998611330986023, -0.04730112478137016, -0.17961791157722473, 0.9995688199996948, -0.023768413811922073, 0.017238417640328407, 0.036180898547172546, 0.0, 0.0, 0.0, 1.0], "offset": [1.0, 0.0, 0.0, 0.0, 0.0, 1.0, 0.0, 0.0, 0.0, 0.0, 1.0, 0.0, 0.0, 0.0, 0.0, 1.0]}], "ik_limbs": [{"name": "left-foot", "enabled": false, "target_bone": "", "origin_bone": "", "control_transform": [1.0, 0.0, 0.0, 0.0, 0.0, 1.0, 0.0, 0.0, 0.0, 0.0, 1.0, 0.0, 0.0, 0.0, 0.0, 1.0]}, {"name": "right-foot", "enabled": false, "target_bone": "", "origin_bone": "", "control_transform": [1.0, 0.0, 0.0, 0.0, 0.0, 1.0, 0.0, 0.0, 0.0, 0.0, 1.0, 0.0, 0.0, 0.0, 0.0, 1.0]}, {"name": "left-hand", "enabled": false, "target_bone": "", "origin_bone": "", "control_transform": [1.0, 0.0, 0.0, 0.0, 0.0, 1.0, 0.0, 0.0, 0.0, 0.0, 1.0, 0.0, 0.0, 0.0, 0.0, 1.0]}, {"name": "right-hand", "enabled": false, "target_bone": "", "origin_bone": "", "control_transform": [1.0, 0.0, 0.0, 0.0, 0.0, 1.0, 0.0, 0.0, 0.0, 0.0, 1.0, 0.0, 0.0, 0.0, 0.0, 1.0]}], "correct_feet": false, "correct_hands": false}